4.807766596253685298e-01 2.472449253327244634e-01
6.908053719539043458e-01 1.415435942465548269e-01
1.521231180241833236e-01 6.871988214597524181e-01
2.961557267378333025e-01 3.779706386092622772e-01
8.696249521159471474e-01 7.048538475830560257e-01
6.123250236462970397e-01 4.539390098337452439e-01
6.645287853047215920e-01 8.448306411173607255e-01
8.265311826507336646e-01 5.273544047306251148e-01
3.062641173539215611e-02 5.913356755110324992e-01
6.180023345307447125e-01 9.473662391704806840e-02
